attacka1 64 63 33 35
attacka2 215 65 31 32
attacka3 363 62 32 35
attacka4 486 29 91 69
attacka5 638 54 46 45
attackb1 788 54 45 44
attackb2 936 54 45 45
attackb3 1088 56 44 42
attackb4 1414 65 38 33
attackc1 65 215 36 33
attackc2 212 217 39 31
attackc3 358 216 45 32
attackc4 486 204 49 44
attackc5 635 204 48 43
attackc6 783 203 51 45
attackc7 967 211 34 37
idle1 61 505 33 44
idle2 209 504 35 43
idle3 360 506 34 41
idle4 510 506 34 42
idle5 659 507 35 40
idle6 810 506 34 41
idle7 960 503 34 44
idle8 1110 504 34 43
run1 57 661 47 37
run2 203 660 49 32
run3 356 661 47 37
run4 519 662 44 36
run5 656 661 50 37
run6 802 661 52 31
run7 959 661 45 38
run8 1108 661 45 37